initializing rng with seed: 1421335436
loading handranks from: /usr/local/freedom/data/handranks.dat
0.005	0
0.015	0
0.025	0
0.035	0
0.045	0
0.055	0
0.065	0
0.075	0
0.085	0
0.095	0.0002
0.105	0.0004
0.115	0.0001
0.125	0.0001
0.135	0.0004
0.145	0.0006
0.155	0.0007
0.165	0.0007
0.175	0.0016
0.185	0.0047
0.195	0.0058
0.205	0.0054
0.215	0.0036
0.225	0.0015
0.235	0.0008
0.245	0.0027
0.255	0.0065
0.265	0.0072
0.275	0.0101
0.285	0.0094
0.295	0.0052
0.305	0.0052
0.315	0.0064
0.325	0.0112
0.335	0.0134
0.345	0.0177
0.355	0.0219
0.365	0.0204
0.375	0.0169
0.385	0.0125
0.395	0.0073
0.405	0.0038
0.415	0.0023
0.425	0.0024
0.435	0.0061
0.445	0.0081
0.455	0.0111
0.465	0.0174
0.475	0.0227
0.485	0.0252
0.495	0.0267
0.505	0.0257
0.515	0.0214
0.525	0.0166
0.535	0.0111
0.545	0.0065
0.555	0.004
0.565	0.0035
0.575	0.0017
0.585	0.0013
0.595	0.0021
0.605	0.003
0.615	0.0022
0.625	0.0024
0.635	0.0036
0.645	0.0049
0.655	0.0065
0.665	0.0053
0.675	0.005
0.685	0.0053
0.695	0.0038
0.705	0.0043
0.715	0.0056
0.725	0.0044
0.735	0.0048
0.745	0.0037
0.755	0.0035
0.765	0.0025
0.775	0.0021
0.785	0.0049
0.795	0.0051
0.805	0.0093
0.815	0.0154
0.825	0.0186
0.835	0.023
0.845	0.0253
0.855	0.0336
0.865	0.0341
0.875	0.0413
0.885	0.0433
0.895	0.0382
0.905	0.0273
0.915	0.0121
0.925	0.0086
0.935	0.0083
0.945	0.0088
0.955	0.0139
0.965	0.0228
0.975	0.032
0.985	0.0099
0.995	0.071
